aggregate_height = -0.510066
complete_lines = 0.760666
holes = -0.45663
bumpiness = -0.284483


